1 0
0.996720162404861 0.000409979699392232
0.993433712233926 0.00081334682298797
0.990153874638787 0.00122993909817685
0.986874037043649 0.00164653137336587
0.983594199448512 0.00206973622435154
0.980320974429169 0.00249955365113371
0.97704113683403 0.00292937107791602
0.973761299238892 0.00336580108049483
0.97048807421955 0.00380223108307379
0.967208236624412 0.00424527366144939
0.96393501160507 0.00469492881562149
0.960655174009932 0.00514458396979373
0.95738194899059 0.00560085169976263
0.954108723971249 0.00606373200552816
0.950835498951907 0.00652661231129354
0.947562273932564 0.00699610519285572
0.944289048913223 0.0074655980744179
0.941015823893881 0.00794170353177672
0.937749211450335 0.00841780898913555
0.934475986430994 0.00890052702229101
0.931202761411652 0.00938324505544648
0.927936148968108 0.00987257566439859
0.924662923948766 0.0103619062733507
0.92139631150522 0.0108512368823028
0.918129699061676 0.0113471800670516
0.914856474042334 0.0118431232518003
0.911589861598788 0.0123456790123457
0.908323249155243 0.0128482347728911
0.905056636711698 0.0133507905334365
0.901783411692356 0.0138533462939819
0.898516799248811 0.0143559020545273
0.895250186805266 0.0148584578150727
0.891983574361721 0.0153676261514148
0.888716961918175 0.0158767944877568
0.885450349474631 0.0163793502483022
0.882183737031086 0.0168885185846442
0.87891712458754 0.0173976869209863
0.875650512143995 0.0179068552573283
0.87238389970045 0.0184160235936704
0.869117287256905 0.0189251919300124
0.86585067481336 0.0194343602663546
0.862577449794019 0.0199435286026967
0.859310837350473 0.0204460843632421
0.856044224906928 0.0209552526995841
0.852777612463382 0.0214644210359261
0.849511000019838 0.0219735893722682
0.846244387576292 0.0224827577086102
0.842977775132747 0.0229919260449523
0.839711162689203 0.0235010943812943
0.836444550245657 0.0240102627176364
0.833177937802112 0.0245194310539784
0.829911325358566 0.0250219868145238
0.826644712915022 0.0255311551508658
0.823378100471476 0.026040323487208
0.820111488027931 0.0265428792477534
0.816844875584387 0.0270520475840955
0.813571650565044 0.0275546033446409
0.810305038121499 0.0280571591051863
0.807038425677955 0.0285663274415283
0.803771813234409 0.0290688832020737
0.800505200790864 0.0295648263868225
0.797231975771521 0.0300673821473679
0.793965363327977 0.0305633253321166
0.790698750884432 0.031065881092662
0.78742552586509 0.0315618242774108
0.784158913421545 0.0320577674621595
0.780892300978 0.0325470980711116
0.777619075958658 0.0330364286800638
0.774352463515113 0.0335257592890159
0.771079238495771 0.034015089897968
0.767812626052226 0.0345044205069201
0.764539401032884 0.0349871385400756
0.761266176013542 0.035469856573231
0.757999563569997 0.0359525746063863
0.754726338550656 0.0364286800637452
0.751453113531313 0.036904785521104
0.748179888511972 0.0373808909784628
0.744913276068427 0.0378569964358216
0.741640051049085 0.0383264893173838
0.738366826029744 0.038795982198946
0.735093601010401 0.0392588625047114
0.73182037599106 0.0397283553862736
0.728547150971718 0.0401912356920391
0.725267313376579 0.040647503422008
0.721994088357238 0.0411037711519769
0.718720863337896 0.0415600388819456
0.715447638318555 0.0420163066119145
0.712174413299212 0.0424659617660867
0.708894575704074 0.042915616920259
0.705621350684732 0.0433652720744311
0.702341513089593 0.0438083146528067
0.699068288070252 0.0442447446553857
0.695788450475113 0.0446877872337611
0.692508612879975 0.0451176046605434
0.689235387860633 0.0455540346631224
0.685955550265495 0.0459838520899045
0.682675712670357 0.0464070569408902
0.679395875075218 0.0468302617918757
0.67611603748008 0.0472534666428614
0.672836199884941 0.0476700589180503
0.669556362289803 0.0480866511932393
0.666276524694664 0.0484966308926315
0.662996687099526 0.0488999980162273
0.659716849504387 0.0493033651398229
0.656430399333452 0.0497067322634186
0.653150561738314 0.0501034868112175
0.649870724143175 0.0505002413590165
0.64658427397224 0.0508903833310189
0.643304436377102 0.0512739127272246
0.640017986206167 0.051664054699227
0.636731536035231 0.0520409715196361
0.633451698440093 0.0524178883400451
0.630165248269158 0.0527881925846574
0.626878798098223 0.05315849682927
0.623592347927288 0.0535288010738823
0.620305897756353 0.053892492742698
0.617019447585418 0.0542495718357171
0.613732997414483 0.0546066509287362
0.610446547243548 0.0549571174459586
0.607153484496816 0.0553009713873846
0.603867034325881 0.0556448253288104
0.600580584154946 0.0559820666944395
0.597287521408214 0.0563193080600687
0.594001071237279 0.0566499368499012
0.590708008490547 0.056973953063937
0.587421558319612 0.0572979692779729
0.58412849557288 0.0576153729162121
0.580835432826149 0.0579261639786545
0.577542370079417 0.0582369550410971
0.574249307332685 0.058541133527743
0.570956244585954 0.0588386994385923
0.567663181839222 0.059129652773645
0.56437011909249 0.0594206061086974
0.561077056345758 0.0597049468679534
0.557783993599027 0.0599826750514128
0.554490930852295 0.0602604032348721
0.551191255529766 0.0605315188425347
0.547898192783034 0.0607960218744008
0.544605130036303 0.06105391233047
0.541305454713775 0.0613051902107428
0.538005779391246 0.0615564680910154
0.534712716644514 0.0618011333954916
0.531413041321986 0.0620457986999675
0.528113365999457 0.0622772388528504
0.524820303252726 0.0625086790057331
0.521520627930198 0.0627268940070225
0.518220952607669 0.062945109008312
0.514921277285141 0.0631567114338048
0.511621601962612 0.0633683138592975
0.508321926640084 0.0635666911331972
0.505022251317556 0.0637584558313
0.501715963419231 0.0639502205294028
0.498416288096702 0.0641287600759124
0.495116612774174 0.0643006870466253
0.491816937451646 0.0644726140173382
0.488510649553321 0.0646313158364578
0.485210974230792 0.0647834050797807
0.481904686332467 0.064928881747307
0.478605011009938 0.0650677458390367
0.475298723111613 0.0651999973549696
0.471992435213288 0.065325636295106
0.46869275989076 0.0654380500836491
0.465386471992435 0.0655504638721922
0.46208018409411 0.0656496525091418
0.458773896195785 0.065742228570295
0.45546760829746 0.065834804631448
0.452167932974932 0.0659075429652113
0.448861645076607 0.0659802812989743
0.445555357178282 0.0660464070569409
0.442249069279957 0.0661059202391107
0.438942781381632 0.0661588208454839
0.435636493483307 0.0661984963002638
0.432330205584982 0.0662381717550438
0.429023917686656 0.066271234634027
0.425717629788331 0.0662976849372136
0.422411341890006 0.0663109100888069
0.419105053991681 0.0663241352404002
0.415798766093356 0.0663307478161968
0.412492478195031 0.0663307478161968
0.409186190296706 0.0663241352404002
0.405879902398381 0.0663109100888069
0.402573614500056 0.0662910723614169
0.399267326601731 0.0662646220582303
0.395961038703406 0.0662315591792471
0.392654750805081 0.0661984963002638
0.389348462906756 0.0661522082696872
0.386042175008431 0.0660993076633141
0.382735887110106 0.0660464070569409
0.379429599211781 0.065986893874771
0.376129923889253 0.0659141555410079
0.372823635990928 0.0658414172072447
0.369517348092603 0.065762066297685
0.366211060194278 0.0656694902365318
0.362904772295953 0.0655769141753788
0.359598484397628 0.0654843381142256
0.356298809075099 0.0653785369014791
0.352992521176774 0.0652661231129362
0.349686233278449 0.0651470967485965
0.34638655795592 0.0650280703842567
0.343080270057595 0.0649024314441205
0.33977398215927 0.0647701799281874
0.336474306836742 0.0646313158364578
0.333168018938417 0.0644858391689314
0.329868343615889 0.0643403625014051
0.326562055717564 0.0641882732580822
0.323262380395035 0.0640295714389626
0.319962705072507 0.0638642570440463
0.316656417174182 0.0636923300733334
0.313356741851653 0.0635204031026205
0.310057066529125 0.0633352509803143
0.3067507786308 0.0631500988580081
0.303451103308271 0.062964946735702
0.300151427985743 0.0627665694618025
0.296851752663215 0.0625681921879029
0.293552077340687 0.0623565897624101
0.290252402018158 0.0621449873369173
0.28695272669563 0.0619267723356279
0.283653051373101 0.0617085573343384
0.28035998862637 0.0614771171814557
0.277060313303841 0.0612456770285729
0.273760637981313 0.0610010117240969
0.270460962658785 0.0607563464196209
0.267167899912052 0.0605050685393481
0.263868224589524 0.0602471780832787
0.260575161842793 0.0599892876272094
0.257282099096061 0.0597181720195467
0.253982423773533 0.0594404438360875
0.250689361026801 0.0591627156526282
0.247396298280069 0.0588783748933722
0.244103235533337 0.0585874215583195
0.240810172786606 0.0582898556474704
0.237517110039874 0.0579856771608245
0.234224047293142 0.0576748860983819
0.230937597122207 0.0573574824601427
0.227644534375475 0.0570400788219035
0.224351471628743 0.056709450032071
0.221065021457809 0.0563788212422385
0.217778571286873 0.0560415798766093
0.214485508540141 0.0556911133593869
0.211199058369207 0.0553406468421644
0.207912608198271 0.0549835677491454
0.204626158027336 0.0546132635045328
0.201339707856402 0.0542429592599205
0.198059870261263 0.0538594298637148
0.194773420090328 0.053475900467509
0.191493582495189 0.0530791459197101
0.188207132324254 0.0526823913719111
0.184927294729116 0.0522724116725188
0.181647457133977 0.0518558193973299
0.178367619538839 0.0514326145463442
0.175094394519497 0.051002797119562
0.171814556924359 0.0505663671169831
0.168541331905017 0.0501233245386075
0.165261494309879 0.0496736693844352
0.161988269290537 0.0492107890786698
0.158715044271195 0.0487479087729043
0.155441819251853 0.0482784158913421
0.152168594232511 0.0478023104339833
0.148901981788966 0.0473129798250312
0.145628756769625 0.0468236492160791
0.142362144326079 0.0463210934555337
0.139095531882534 0.0458185376949883
0.135828919438989 0.0453027567828496
0.132562306995444 0.0447803632949143
0.129302307127695 0.0442447446553857
0.126042307259947 0.0437025134400602
0.122782307392199 0.0431536696489383
0.11952230752445 0.0425916007062231
0.116268920232498 0.0420163066119145
0.113008920364749 0.0414343999418094
0.109762145648594 0.0408326555443142
0.106508758356642 0.0402242985710223
0.103261983640487 0.0395961038703407
0.100021821500129 0.0389612965938622
0.0967816593597702 0.0383066515899939
0.0935414972194119 0.0376387814345322
0.0903013350790536 0.0369642987032739
0.0870677855144915 0.0362699782446256
0.0838408485257262 0.0355690452101807
0.0806139115369609 0.0348548870241425
0.0773869745481956 0.0341275036865109
0.0741600375594303 0.0333935077730828
0.0709397131464617 0.0326462867080613
0.06772600130929 0.0318924530672433
0.0645056768963215 0.0311187816990352
0.061298577634946 0.0303318851792338
0.0580914783735711 0.029518538356246
0.0548909916879924 0.0286853538058681
0.0517037301540072 0.0278124938007101
0.0485230811958183 0.0269131834923658
0.0453490448134261 0.0259741977292414
0.0421882335826275 0.0250021490871339
0.039040647503422 0.0240036501418397
0.0358996740000132 0.0229720883175623
0.0327653130724012 0.0219273013416917
0.0296309521447892 0.0208560640626343
0.0265098163687702 0.0197716016319838
0.023395293168548 0.0186540763223499
0.0203006076957156 0.0174968755579361
0.0172323725260703 0.0162669364597591
0.0142104253870009 0.0149245835730392
0.0112546040058987 0.0134433665945895
0.00839797126174546 0.0117836100696304
0.0056802026093225 0.00990563854338181
0.00324677471615509 0.00767058792411402
0.00140847864468654 0.00493298154430097
0.000317403638239516 0.00182507091987541
0 0
0.00127622712875366 -0.00304839744225561
0.00321371183717172 -0.00571326548830572
0.00575294094308544 -0.00782267716743698
0.00864263656622145 -0.00942292051022635
0.0116711962810871 -0.0107388230937597
0.0147857194813093 -0.011849735827597
0.0179531432879047 -0.0128085593181111
0.0211404048218904 -0.0136681941716757
0.0243541166590622 -0.0144617032672736
0.0275744410720307 -0.0152155369080918
0.0307947654849992 -0.0159429202457232
0.0340283150495613 -0.0166504658559649
0.0372618646141234 -0.0173447863146131
0.0404954141786849 -0.0180258816216681
0.0437355763190438 -0.0186871392013331
0.0469757384594021 -0.0193219464778115
0.0502291257513539 -0.0199369160269
0.0534825130433058 -0.0205188226970051
0.0567425129110545 -0.0210742790639237
0.0600025127788026 -0.0216098977034525
0.063269125222348 -0.0221256786155912
0.0665357376658929 -0.0226216218003399
0.0698089626852346 -0.0231043398334954
0.0730821877045768 -0.0235804452908542
0.0763554127239185 -0.0240499381724162
0.0796286377432602 -0.0245128184781818
0.0829018627626018 -0.0249690862081506
0.0861750877819435 -0.0254187413623229
0.0894549253770819 -0.0258617839406983
0.0927347629722204 -0.0262916013674807
0.0960146005673589 -0.0267148062184663
0.0992944381624973 -0.0271313984936552
0.102574275757636 -0.0275347656172509
0.105854113352774 -0.0279249075892532
0.109140563523709 -0.0283084369854589
0.112427013694645 -0.0286853538058681
0.115713463865579 -0.0290490454746838
0.118999914036515 -0.0294061245677029
0.12228636420745 -0.0297499785091287
0.125572814378385 -0.0300872198747578
0.128865877125117 -0.0304178486645903
0.132152327296052 -0.0307484774544228
0.135445390042783 -0.031065881092662
0.138738452789515 -0.0313766721551046
0.142031515536247 -0.0316874632175472
0.145324578282979 -0.0319916417041931
0.14861764102971 -0.0322892076150422
0.151910703776442 -0.0325867735258915
0.155203766523174 -0.0328777268609442
0.158496829269906 -0.0331620676202001
0.161789892016637 -0.033446408379456
0.165082954763369 -0.0337241365629153
0.168376017510101 -0.033995252170578
0.171675692832629 -0.0342663677782406
0.174968755579361 -0.0345308708101067
0.178268430901889 -0.0347953738419726
0.181561493648621 -0.0350466517222454
0.18486116897115 -0.0352979296025181
0.188154231717881 -0.0355425949069941
0.191453907040409 -0.0357806476356735
0.194753582362938 -0.0360187003643529
0.19804664510967 -0.0362501405172356
0.201346320432198 -0.0364749680943218
0.204645995754727 -0.0366931830956112
0.207945671077255 -0.0369113980969006
0.211245346399783 -0.0371163879465969
0.214545021722311 -0.037321377796293
0.21784469704484 -0.0375263676459891
0.221144372367368 -0.0377247449198886
0.224444047689897 -0.0379165096179914
0.227750335588222 -0.0381016617402976
0.23105001091075 -0.0382868138626039
0.234349686233278 -0.0384719659849101
0.237649361555807 -0.038643892955623
0.240955649454132 -0.0388224325021326
0.24425532477666 -0.0389877468970488
0.247555000099188 -0.0391530612919651
0.250861287997514 -0.0393183756868813
0.254160963320042 -0.0394770775060009
0.257467251218367 -0.0396291667493239
0.260766926540896 -0.0397812559926469
0.264073214439221 -0.0399267326601732
0.267372889761749 -0.0400722093276993
0.270679177660074 -0.040211073419429
0.273978852982602 -0.0403499375111587
0.277285140880927 -0.0404821890270917
0.280591428779252 -0.0406078279672281
0.28389110410178 -0.0407334669073644
0.287197392000106 -0.0408524932717041
0.290503679898431 -0.0409715196360438
0.293803355220959 -0.0410839334245869
0.297109643119284 -0.0411897346373332
0.300415931017609 -0.0412955358500797
0.303722218915934 -0.0413947244870294
0.307021894238463 -0.0414939131239792
0.310328182136788 -0.0415864891851323
0.313634470035113 -0.0416790652462854
0.316940757933438 -0.0417650287316419
0.320247045831763 -0.0418443796412016
0.323546721154291 -0.0419237305507615
0.326853009052616 -0.0420030814603212
0.330159296950941 -0.0420758197940845
0.333465584849266 -0.0421419455520509
0.336771872747591 -0.0422080713100173
0.340078160645916 -0.0422675844921873
0.343384448544241 -0.0423270976743571
0.346690736442566 -0.0423799982807302
0.349997024340891 -0.0424262863113069
0.353303312239216 -0.0424725743418834
0.356609600137541 -0.0425122497966633
0.359915888035866 -0.0425519252514431
0.363222175934192 -0.0425849881304265
0.366528463832517 -0.0426114384336131
0.369834751730842 -0.0426378887367996
0.373141039629167 -0.0426577264641896
0.376447327527492 -0.0426709516157829
0.379753615425817 -0.0426841767673762
0.383059903324142 -0.0426907893431728
0.386366191222467 -0.0426907893431728
0.389672479120792 -0.0426907893431728
0.392978767019117 -0.0426841767673762
0.396285054917442 -0.0426709516157829
0.399591342815767 -0.0426577264641896
0.402897630714092 -0.0426378887367996
0.406203918612417 -0.0426114384336131
0.409510206510742 -0.0425783755546299
0.41280988183327 -0.0425453126756465
0.416116169731595 -0.0425056372208666
0.41942245762992 -0.0424593491902901
0.422728745528245 -0.0424130611597136
0.42603503342657 -0.0423601605533403
0.429341321324895 -0.0423006473711705
0.43264760922322 -0.0422345216132039
0.435953897121545 -0.0421683958552375
0.439260185019871 -0.0420890449456777
0.442566472918196 -0.0420096940361179
0.445872760816521 -0.0419237305507615
0.449172436139049 -0.041837767065405
0.452478724037374 -0.0417385784284552
0.455785011935699 -0.0416393897915055
0.459091299834025 -0.041533588578759
0.462390975156553 -0.0414145622144194
0.465697263054878 -0.0412955358500797
0.469003550953203 -0.0411698969099433
0.472303226275731 -0.0410376453940103
0.475609514174056 -0.0409053938780772
0.478909189496584 -0.0407599172105511
0.482215477394909 -0.0406078279672281
0.485515152717438 -0.0404557387239052
0.488821440615763 -0.0402970369047855
0.492121115938291 -0.0401251099340727
0.49542079126082 -0.0399531829633598
0.498727079159145 -0.0397746434168502
0.502026754481673 -0.0395961038703407
0.505326429804202 -0.0394043391722377
0.50862610512673 -0.0392125744741349
0.511925780449258 -0.0390141972002354
0.515225455771787 -0.0388158199263359
0.518525131094315 -0.0386042175008432
0.521824806416844 -0.0383926150753503
0.525124481739372 -0.0381810126498575
0.5284241570619 -0.0379627976485681
0.531723832384428 -0.0377379700714819
0.535023507706957 -0.0375131424943958
0.538323183029485 -0.0372817023415132
0.541616245776217 -0.0370436496128337
0.544915921098746 -0.036812209459951
0.548215596421274 -0.0365675441554748
0.551508659168005 -0.0363228788509989
0.554808334490534 -0.0360716009707261
0.558108009813062 -0.0358203230904535
0.561401072559794 -0.0355690452101807
0.564700747882323 -0.0353111547541114
0.567993810629054 -0.0350466517222454
0.571286873375786 -0.0347821486903793
0.574586548698314 -0.0345176456585134
0.577879611445046 -0.0342465300508507
0.581172674191778 -0.0339754144431881
0.584472349514306 -0.0336976862597288
0.587765412261038 -0.0334199580762694
0.59105847500777 -0.0331356173170134
0.594351537754501 -0.0328512765577576
0.597644600501233 -0.0325603232227049
0.600937663247965 -0.0322693698876523
0.604230725994697 -0.0319784165525997
0.607523788741428 -0.0316808506417505
0.61081685148816 -0.0313832847309012
0.614109914234892 -0.031085718820052
0.617402976981624 -0.030781540333406
0.620696039728355 -0.0304773618467601
0.623989102475087 -0.0301665707843175
0.627282165221819 -0.0298557797218751
0.630568615392754 -0.0295449886594325
0.633861678139485 -0.02923419759699
0.637154740886217 -0.0289167939587508
0.640447803632949 -0.0285993903205115
0.643734253803884 -0.0282819866822723
0.647027316550616 -0.0279579704682365
0.650313766721551 -0.0276339542542006
0.653606829468283 -0.0273099380401647
0.656899892215014 -0.0269859218261289
0.66018634238595 -0.0266552930362964
0.663479405132681 -0.0263246642464639
0.666765855303616 -0.0259940354566314
0.670058918050348 -0.0256567940910022
0.673345368221283 -0.0253261653011697
0.676631818392218 -0.0249889239355406
0.67992488113895 -0.0246450699941148
0.683211331309885 -0.0243078286284856
0.68649778148082 -0.0239639746870598
0.689790844227552 -0.0236267333214307
0.693077294398487 -0.0232828793800049
0.696363744569422 -0.0229390254385791
0.699656807316153 -0.0225951714971533
0.702943257487089 -0.0222447049799309
0.706229707658024 -0.021900851038505
0.709516157828959 -0.0215503845212825
0.712809220575691 -0.0212065305798567
0.716095670746626 -0.0208560640626343
0.719382120917561 -0.0205055975454119
0.722668571088496 -0.0201617436039861
0.725955021259431 -0.0198112770867636
0.729248084006162 -0.0194608105695412
0.732534534177098 -0.0191103440523188
0.735820984348033 -0.018766490110893
0.739107434518968 -0.0184160235936704
0.742393884689904 -0.0180655570764479
0.745686947436635 -0.0177150905592255
0.74897339760757 -0.0173646240420031
0.752259847778506 -0.0170207701005773
0.75554629794944 -0.0166703035833548
0.758832748120375 -0.0163198370661324
0.762125810867107 -0.01596937054891
0.765412261038042 -0.0156189040316874
0.768698711208977 -0.015268437514465
0.771985161379913 -0.0149245835730392
0.775271611550847 -0.0145741170558167
0.778564674297579 -0.0142236505385943
0.781851124468515 -0.0138731840213719
0.785137574639449 -0.0135227175041494
0.788424024810384 -0.0131788635627236
0.791717087557116 -0.0128283970455012
0.795003537728051 -0.0124845431040754
0.798289987898986 -0.0121340765868528
0.801576438069922 -0.011790222645427
0.804869500816653 -0.0114463687040012
0.808155950987588 -0.0111091273383721
0.811442401158524 -0.0107652733969463
0.814735463905255 -0.0104280320313171
0.81802191407619 -0.010090790665688
0.821314976822921 -0.00976016187585549
0.824601426993857 -0.00942953308602299
0.827894489740588 -0.00909890429619049
0.831180939911523 -0.00877488808215463
0.834474002658256 -0.00845748444391541
0.83776045282919 -0.00813346822987955
0.841053515575922 -0.00782267716743698
0.844346578322653 -0.00750527352919777
0.847639641069386 -0.00720109504255199
0.850932703816117 -0.00689030398010942
0.854219153987052 -0.00658612549346349
0.857512216733785 -0.00628855958261421
0.860805279480516 -0.00599099367176492
0.864098342227248 -0.00569342776091564
0.867391404973979 -0.00540247442586315
0.870684467720712 -0.00511152109081051
0.87398414304324 -0.00482056775575788
0.877277205789971 -0.00453622699650188
0.880570268536703 -0.00425188623724604
0.883863331283434 -0.00397415805378668
0.887156394030167 -0.00369642987032733
0.890456069352695 -0.00342531426266478
0.893749132099427 -0.00315419865500207
0.897042194846158 -0.00288969562313601
0.900341870168686 -0.00262519259127009
0.903634932915419 -0.00237391471099732
0.906934608237947 -0.0021226368307247
0.910227670984678 -0.00187797152624856
0.913527346307207 -0.00163991879756923
0.916827021629735 -0.00140847864468654
0.920126696952263 -0.00119026364339698
0.923426372274792 -0.000978661217904222
0.926726047597321 -0.00078028394400475
0.930025722919849 -0.000588519245901922
0.933325398242377 -0.000409979699392232
0.936631686140702 -0.000238052728679336
0.939931361463231 -8.5963485356523e-05
0.943237649361556 5.29006063731524e-05
0.946537324684084 0.00017853954650954
0.949843612582409 0.000290953335052639
0.953149900480734 0.0003901419720023
0.956456188379059 0.000469492881562179
0.959762476277384 0.000535618639528619
0.963068764175709 0.000588519245901922
0.966368439498237 0.000621582124885142
0.969674727396562 0.00063480727647843
0.972981015294887 0.00063480727647843
0.976287303193212 0.000621582124885142
0.979593591091538 0.000588519245901922
0.982899878989863 0.000535618639528619
0.986206166888188 0.000469492881562179
0.989512454786513 0.000383529396205656
0.992818742684838 0.000284340759255995
0.996125030583163 0.000165314394916252
0.999424705905691 2.64503031865762e-05
1 0
